SENTINEL-2A
1 40697U 15028A   26267.30557198 -.00000112  00000+0 -26174-4 0  9992
2 40697  98.5666 340.7135 0001103  84.8540 275.2769 14.30816884587905
SENTINEL-2B
1 42063U 17013A   26267.29841228 -.00000154  00000+0 -42170-4 0  9995
2 42063  98.5711 340.6469 0001153  88.7080 271.4235 14.30815352498817
SENTINEL-2C
1 60989U 24157A   26267.19353461  .00000055  00000+0  37741-4 0  9991
2 60989  98.5718 340.5491 0001283  83.7232 276.4097 14.30815170107145
HST
1 20580U 90037B   26266.94713825  .00005513  00000+0  16734-3 0  9992
2 20580  28.4727 125.0661 0001663 151.6515 208.4172 15.31734421803723
ISS (ZARYA)
1 25544U 98067A   26267.14191496  .00009634  00000+0  18116-3 0  9999
2 25544  51.6318 170.3464 0004691 174.6338 185.4701 15.49258637587098
